10000100000000010000000000000000
00100001000010110000000000000000
00000000000000001111111111111111
00100001000001000000000000000000
00000000000000000000000011111111
00100001000001010000000000000000
00000000000000000000000011111110
00000001000001100000000000000000
00000001000001110000000000000000
00001101000000100000000000000000
00001101000000110000000000000000
00001100000000100000010000000000
00001100000000110000010000000000
00011111000001100000011000000000
01000001000000000000000010000100
00000000000000000000000000010111
00000100000000100000000000000000
00011111000000100000010000000000
01000001000000000000000011000000
00000000000000000000000000011100
00000000000001100000000000000000
01000001000000000000000000000000
00000000000000000000000000011100
00001001000000100000000000000000
00011111000000100000001000000000
01000001000000000000000011001000
00000000000000000000000000011100
00000001000001100000000000000000
00011111000001110000011100000000
01000001000000000000000010000100
00000000000000000000000000100110
00000100000000110000000000000000
00011111000000110000010100000000
01000001000000000000000011000000
00000000000000000000000000101011
00000000000001110000000000000000
01000001000000000000000000000000
00000000000000000000000000101011
00001001000000110000000000000000
00011111000000110000001100000000
01000001000000000000000011001000
00000000000000000000000000101011
00000001000001110000000000000000
00100100000010100000001100000000
00100001000011000000000000000000
00000000000000000000000100000000
00001010000010100000110000000000
00000010000010100000001000000000
10000001000010100000000000000000
10000001000010110000000000000000
01000001000000000000000000000000
00000000000000000000000000001101
