10000100000000010000000000000000
00100001011001000000000000000000
00000000000000001111111111111111
00100001000000100000000000000000
01001001100101100000001011010010
00100001000001010000000000000000
00000000000000000000000000000100
00100001000001100000000000000000
00000000000000000000000000000100
00100001000101010000000000000000
00000000000000000000000000000001
00100001000101100000000000000000
00000000000000000000000000001010
00100001000101110000000000000000
00000000000000000000000001100100
00100001000110000000000000000000
00000000000000000000001111101000
00100001000110010000000000000000
00000000000000000010011100010000
00100001000110100000000000000000
00000000000000011000011010100000
00100001000110110000000000000000
00000000000011110100001001000000
00100001000111000000000000000000
00000000100110001001011010000000
00100001000111010000000000000000
00000101111101011110000100000000
00100001000111100000000000000000
00111011100110101100101000000000
00100001000111110000000000000000
00000000000000000000000000000001
00100001001000000000000000000000
00000000000000000000000000000010
00100001001000010000000000000000
00000000000000000000000000000011
00100001001000100000000000000000
00000000000000000000000000000100
00100001001000110000000000000000
00000000000000000000000000000101
00100001001001000000000000000000
00000000000000000000000000000110
00100001001001010000000000000000
00000000000000000000000000000111
00100001001001100000000000000000
00000000000000000000000000001000
00100001001001110000000000000000
00000000000000000000000000001001
00100001001010000000000000000000
00000000000000000000000000000000
00100100000101000000001000000000
00001011000101000001111000000000
00100100000000110001111000000000
00001010000000110001010000000000
00000101000000100000001100000000
00100100000100110000001000000000
00001011000100110001110100000000
00100100000000110001110100000000
00001010000000110001001100000000
00000101000000100000001100000000
00100100000100100000001000000000
00001011000100100001110000000000
00100100000000110001110000000000
00001010000000110001001000000000
00000101000000100000001100000000
00100100000100010000001000000000
00001011000100010001101100000000
00100100000000110001101100000000
00001010000000110001000100000000
00000101000000100000001100000000
00100100000100000000001000000000
00001011000100000001101000000000
00100100000000110001101000000000
00001010000000110001000000000000
00000101000000100000001100000000
00100100000011110000001000000000
00001011000011110001100100000000
00100100000000110001100100000000
00001010000000110000111100000000
00000101000000100000001100000000
00100100000011100000001000000000
00001011000011100001100000000000
00100100000000110001100000000000
00001010000000110000111000000000
00000101000000100000001100000000
00100100000011010000001000000000
00001011000011010001011100000000
00100100000000110001011100000000
00001010000000110000110100000000
00000101000000100000001100000000
00100100000011000000001000000000
00001011000011000001011000000000
00100100000000110001011000000000
00001010000000110000110000000000
00000101000000100000001100000000
00100100000010110000001000000000
00001011000010110001010100000000
00100100000000110001010100000000
00001010000000110000101100000000
00000101000000100000001100000000
00100001000000010000000000000000
00000000000000000000000001101000
00100100000001110001010000000000
01000001000000000000000000000000
00000000000000000000000010010100
00100001000000010000000000000000
00000000000000000000000001101101
00100100000001110001001100000000
01000001000000000000000000000000
00000000000000000000000010010100
00100001000000010000000000000000
00000000000000000000000001110010
00100100000001110001001000000000
01000001000000000000000000000000
00000000000000000000000010010100
00100001000000010000000000000000
00000000000000000000000001110111
00100100000001110001000100000000
01000001000000000000000000000000
00000000000000000000000010010100
00100001000000010000000000000000
00000000000000000000000001111100
00100100000001110001000000000000
01000001000000000000000000000000
00000000000000000000000010010100
00100001000000010000000000000000
00000000000000000000000010000001
00100100000001110000111100000000
01000001000000000000000000000000
00000000000000000000000010010100
00100001000000010000000000000000
00000000000000000000000010000110
00100100000001110000111000000000
01000001000000000000000000000000
00000000000000000000000010010100
00100001000000010000000000000000
00000000000000000000000010001011
00100100000001110000110100000000
01000001000000000000000000000000
00000000000000000000000010010100
00100001000000010000000000000000
00000000000000000000000010010000
00100100000001110000110000000000
01000001000000000000000000000000
00000000000000000000000010010100
00100001000000010000000000000000
00000000000000000000001010001110
00100100000001110000101100000000
00000001000010010000000000000000
00011111000001110010100000000000
01000001000000000000000010001000
00000000000000000000000010110111
00000001000010010000000000000000
00011111000001110001111100000000
01000001000000000000000010001000
00000000000000000000000011101110
00011111000001110010000000000000
01000001000000000000000010001000
00000000000000000000000100011001
00011111000001110010000100000000
01000001000000000000000010001000
00000000000000000000000101000111
00011111000001110010001000000000
01000001000000000000000010001000
00000000000000000000000101110101
00011111000001110010001100000000
01000001000000000000000010001000
00000000000000000000000110100011
00011111000001110010010000000000
01000001000000000000000010001000
00000000000000000000000111010101
00011111000001110010010100000000
01000001000000000000000010001000
00000000000000000000001000000011
00011111000001110010011000000000
01000001000000000000000010001000
00000000000000000000001000101100
00011111000001110010011100000000
01000001000000000000000010001000
00000000000000000000001001011110
00100001110010000000000000000000
00000000000000000000000000000110
00000010000001011100100000000000
01000000000000000000000100000000
00011111000010010000100100000000
01000000000000000000000110000000
00100100010100000000011000000000
00100001010100010000000000000000
00000000000000000000000100000000
00001010010100000101000100000000
00000010010100000000010100000000
00100100010110100101000000000000
00000100010110100000000000000000
10000001010110100000000000000000
00000100010110100000000000000000
10000001010110100000000000000000
00000100010110100000000000000000
10000001010110100000000000000000
00000010010100000101000100000000
00100100010110100101000000000000
10000001010110100000000000000000
00000010010110100010001000000000
10000001010110100000000000000000
00000010010100000101000100000000
00100100010110100101000000000000
10000001010110100000000000000000
00000010010110100010000100000000
10000001010110100000000000000000
00000100010110100000000000000000
10000001010110100000000000000000
00000010010100000101000100000000
00100100010110100101000000000000
10000001010110100000000000000000
00000010010110100010000000000000
10000001010110100000000000000000
00000010010110100010000000000000
10000001010110100000000000000000
00000010010100000101000100000000
00100100010110100101000000000000
10000001010110100000000000000000
00000100010110100000000000000000
10000001010110100000000000000000
00000010010110100010000100000000
10000001010110100000000000000000
00000010010100000101000100000000
00100100010110100101000000000000
10000001010110100000000000000000
00000010010110100010001000000000
10000001010110100000000000000000
00000010010100000101000100000000
00100100010110100101000000000000
00000100010110100000000000000000
10000001010110100000000000000000
00000100010110100000000000000000
10000001010110100000000000000000
00000100010110100000000000000000
10000001010110100000000000000000
01000001000000000000000000000000
00000000000000000000000010110011
00100100010100000000011000000000
00100001010100010000000000000000
00000000000000000000000100000000
00001010010100000101000100000000
00000010010100000000010100000000
00100100010110100101000000000000
00000010010110100010000000000000
10000001010110100000000000000000
00000010010100000101000100000000
00100100010110100101000000000000
00000100010110100000000000000000
10000001010110100000000000000000
00000100010110100000000000000000
10000001010110100000000000000000
00000010010100000101000100000000
00100100010110100101000000000000
00000010010110100010000000000000
10000001010110100000000000000000
00000010010100000101000100000000
00100100010110100101000000000000
00000010010110100010000000000000
10000001010110100000000000000000
00000010010100000101000100000000
00100100010110100101000000000000
00000010010110100010000000000000
10000001010110100000000000000000
00000010010100000101000100000000
00100100010110100101000000000000
00000010010110100010000000000000
10000001010110100000000000000000
00000010010100000101000100000000
00100100010110100101000000000000
10000001010110100000000000000000
00000100010110100000000000000000
10000001010110100000000000000000
00000100010110100000000000000000
10000001010110100000000000000000
00000100010110100000000000000000
10000001010110100000000000000000
00000100010110100000000000000000
10000001010110100000000000000000
01000001000000000000000000000000
00000000000000000000000010110011
00100100010100000000011000000000
00100001010100010000000000000000
00000000000000000000000100000000
00001010010100000101000100000000
00000010010100000000010100000000
00100100010110100101000000000000
00000100010110100000000000000000
10000001010110100000000000000000
00000100010110100000000000000000
10000001010110100000000000000000
00000100010110100000000000000000
10000001010110100000000000000000
00000010010100000101000100000000
00100100010110100101000000000000
10000001010110100000000000000000
00000010010110100010001000000000
10000001010110100000000000000000
00000010010100000101000100000000
00100100010110100101000000000000
00000010010110100010001000000000
10000001010110100000000000000000
00000010010100000101000100000000
00100100010110100101000000000000
00000010010110100010000100000000
10000001010110100000000000000000
00000010010100000101000100000000
00100100010110100101000000000000
00000010010110100010000000000000
10000001010110100000000000000000
00000010010100000101000100000000
00100100010110100101000000000000
00000100010110100000000000000000
10000001010110100000000000000000
00000010010100000101000100000000
00100100010110100101000000000000
10000001010110100000000000000000
00000100010110100000000000000000
10000001010110100000000000000000
00000100010110100000000000000000
10000001010110100000000000000000
00000100010110100000000000000000
10000001010110100000000000000000
00000100010110100000000000000000
10000001010110100000000000000000
01000001000000000000000000000000
00000000000000000000000010110011
00100100010100000000011000000000
00100001010100010000000000000000
00000000000000000000000100000000
00001010010100000101000100000000
00000010010100000000010100000000
00100100010110100101000000000000
10000001010110100000000000000000
00000100010110100000000000000000
10000001010110100000000000000000
00000100010110100000000000000000
10000001010110100000000000000000
00000100010110100000000000000000
10000001010110100000000000000000
00000100010110100000000000000000
10000001010110100000000000000000
00000010010100000101000100000000
00100100010110100101000000000000
00000010010110100010000100000000
10000001010110100000000000000000
00000010010100000101000100000000
00100100010110100101000000000000
00000010010110100010000000000000
10000001010110100000000000000000
00000010010100000101000100000000
00100100010110100101000000000000
00000010010110100010000100000000
10000001010110100000000000000000
00000010010100000101000100000000
00100100010110100101000000000000
00000010010110100010001000000000
10000001010110100000000000000000
00000010010100000101000100000000
00100100010110100101000000000000
10000001010110100000000000000000
00000010010110100010001000000000
10000001010110100000000000000000
00000010010100000101000100000000
00100100010110100101000000000000
00000100010110100000000000000000
10000001010110100000000000000000
00000100010110100000000000000000
10000001010110100000000000000000
00000100010110100000000000000000
10000001010110100000000000000000
01000001000000000000000000000000
00000000000000000000000010110011
00100100010100000000011000000000
00100001010100010000000000000000
00000000000000000000000100000000
00001010010100000101000100000000
00000010010100000000010100000000
00100100010110100101000000000000
00000010010110100010000100000000
10000001010110100000000000000000
00000010010100000101000100000000
00100100010110100101000000000000
00000010010110100010000000000000
10000001010110100000000000000000
00000100010110100000000000000000
10000001010110100000000000000000
00000010010100000101000100000000
00100100010110100101000000000000
00000100010110100000000000000000
10000001010110100000000000000000
00000010010110100010000000000000
10000001010110100000000000000000
00000010010100000101000100000000
00100100010110100101000000000000
10000001010110100000000000000000
00000010010110100010000100000000
10000001010110100000000000000000
00000010010100000101000100000000
00100100010110100101000000000000
10000001010110100000000000000000
00000100010110100000000000000000
10000001010110100000000000000000
00000100010110100000000000000000
10000001010110100000000000000000
00000100010110100000000000000000
10000001010110100000000000000000
00000100010110100000000000000000
10000001010110100000000000000000
00000010010100000101000100000000
00100100010110100101000000000000
00000010010110100010000100000000
10000001010110100000000000000000
00000010010100000101000100000000
00100100010110100101000000000000
00000010010110100010000100000000
10000001010110100000000000000000
01000001000000000000000000000000
00000000000000000000000010110011
00100100010100000000011000000000
00100001010100010000000000000000
00000000000000000000000100000000
00001010010100000101000100000000
00000010010100000000010100000000
00100100010110100101000000000000
10000001010110100000000000000000
00000100010110100000000000000000
10000001010110100000000000000000
00000100010110100000000000000000
10000001010110100000000000000000
00000100010110100000000000000000
10000001010110100000000000000000
00000100010110100000000000000000
10000001010110100000000000000000
00000010010100000101000100000000
00100100010110100101000000000000
10000001010110100000000000000000
00000010010100000101000100000000
00100100010110100101000000000000
10000001010110100000000000000000
00000100010110100000000000000000
10000001010110100000000000000000
00000100010110100000000000000000
10000001010110100000000000000000
00000100010110100000000000000000
10000001010110100000000000000000
00000010010100000101000100000000
00100100010110100101000000000000
00000010010110100010001000000000
10000001010110100000000000000000
00000010010100000101000100000000
00100100010110100101000000000000
00000010010110100010001000000000
10000001010110100000000000000000
00000010010100000101000100000000
00100100010110100101000000000000
10000001010110100000000000000000
00000010010110100010001000000000
10000001010110100000000000000000
00000010010100000101000100000000
00100100010110100101000000000000
00000100010110100000000000000000
10000001010110100000000000000000
00000100010110100000000000000000
10000001010110100000000000000000
00000100010110100000000000000000
10000001010110100000000000000000
01000001000000000000000000000000
00000000000000000000000010110011
00100100010100000000011000000000
00100001010100010000000000000000
00000000000000000000000100000000
00001010010100000101000100000000
00000010010100000000010100000000
00100100010110100101000000000000
00000010010110100010000000000000
10000001010110100000000000000000
00000100010110100000000000000000
10000001010110100000000000000000
00000010010100000101000100000000
00100100010110100101000000000000
00000100010110100000000000000000
10000001010110100000000000000000
00000010010100000101000100000000
00100100010110100101000000000000
10000001010110100000000000000000
00000010010100000101000100000000
00100100010110100101000000000000
10000001010110100000000000000000
00000100010110100000000000000000
10000001010110100000000000000000
00000100010110100000000000000000
10000001010110100000000000000000
00000100010110100000000000000000
10000001010110100000000000000000
00000010010100000101000100000000
00100100010110100101000000000000
10000001010110100000000000000000
00000010010110100010001000000000
10000001010110100000000000000000
00000010010100000101000100000000
00100100010110100101000000000000
10000001010110100000000000000000
00000010010110100010001000000000
10000001010110100000000000000000
00000010010100000101000100000000
00100100010110100101000000000000
00000100010110100000000000000000
10000001010110100000000000000000
00000100010110100000000000000000
10000001010110100000000000000000
00000100010110100000000000000000
10000001010110100000000000000000
01000001000000000000000000000000
00000000000000000000000010110011
00100100010100000000011000000000
00100001010100010000000000000000
00000000000000000000000100000000
00001010010100000101000100000000
00000010010100000000010100000000
00100100010110100101000000000000
10000001010110100000000000000000
00000100010110100000000000000000
10000001010110100000000000000000
00000100010110100000000000000000
10000001010110100000000000000000
00000100010110100000000000000000
10000001010110100000000000000000
00000100010110100000000000000000
10000001010110100000000000000000
00000010010100000101000100000000
00100100010110100101000000000000
00000010010110100010001000000000
10000001010110100000000000000000
00000010010100000101000100000000
00100100010110100101000000000000
00000010010110100010000100000000
10000001010110100000000000000000
00000010010100000101000100000000
00100100010110100101000000000000
00000010010110100010000000000000
10000001010110100000000000000000
00000010010100000101000100000000
00100100010110100101000000000000
00000100010110100000000000000000
10000001010110100000000000000000
00000010010100000101000100000000
00100100010110100101000000000000
00000100010110100000000000000000
10000001010110100000000000000000
00000010010100000101000100000000
00100100010110100101000000000000
00000100010110100000000000000000
10000001010110100000000000000000
01000001000000000000000000000000
00000000000000000000000010110011
00100100010100000000011000000000
00100001010100010000000000000000
00000000000000000000000100000000
00001010010100000101000100000000
00000010010100000000010100000000
00100100010110100101000000000000
00000100010110100000000000000000
10000001010110100000000000000000
00000100010110100000000000000000
10000001010110100000000000000000
00000100010110100000000000000000
10000001010110100000000000000000
00000010010100000101000100000000
00100100010110100101000000000000
10000001010110100000000000000000
00000010010110100010001000000000
10000001010110100000000000000000
00000010010100000101000100000000
00100100010110100101000000000000
10000001010110100000000000000000
00000010010110100010001000000000
10000001010110100000000000000000
00000010010100000101000100000000
00100100010110100101000000000000
00000100010110100000000000000000
10000001010110100000000000000000
00000100010110100000000000000000
10000001010110100000000000000000
00000100010110100000000000000000
10000001010110100000000000000000
00000010010100000101000100000000
00100100010110100101000000000000
10000001010110100000000000000000
00000010010110100010001000000000
10000001010110100000000000000000
00000010010100000101000100000000
00100100010110100101000000000000
10000001010110100000000000000000
00000010010110100010001000000000
10000001010110100000000000000000
00000010010100000101000100000000
00100100010110100101000000000000
00000100010110100000000000000000
10000001010110100000000000000000
00000100010110100000000000000000
10000001010110100000000000000000
00000100010110100000000000000000
10000001010110100000000000000000
01000001000000000000000000000000
00000000000000000000000010110011
00100100010100000000011000000000
00100001010100010000000000000000
00000000000000000000000100000000
00001010010100000101000100000000
00000010010100000000010100000000
00100100010110100101000000000000
00000100010110100000000000000000
10000001010110100000000000000000
00000100010110100000000000000000
10000001010110100000000000000000
00000100010110100000000000000000
10000001010110100000000000000000
00000010010100000101000100000000
00100100010110100101000000000000
10000001010110100000000000000000
00000010010110100010001000000000
10000001010110100000000000000000
00000010010100000101000100000000
00100100010110100101000000000000
10000001010110100000000000000000
00000010010110100010001000000000
10000001010110100000000000000000
00000010010100000101000100000000
00100100010110100101000000000000
00000100010110100000000000000000
10000001010110100000000000000000
00000100010110100000000000000000
10000001010110100000000000000000
00000100010110100000000000000000
10000001010110100000000000000000
00000100010110100000000000000000
10000001010110100000000000000000
00000010010100000101000100000000
00100100010110100101000000000000
00000010010110100010001000000000
10000001010110100000000000000000
00000010010100000101000100000000
00100100010110100101000000000000
00000010010110100010000100000000
10000001010110100000000000000000
00000010010100000101000100000000
00100100010110100101000000000000
00000100010110100000000000000000
10000001010110100000000000000000
00000100010110100000000000000000
10000001010110100000000000000000
01000001000000000000000000000000
00000000000000000000000010110011
10000001011001000000000000000000
11111111000000000000000000000000
