10000100000000010000000000000000
00100001000000010000000000000000
00000000000000000000000100000001
10000001000000010000000000000000
00100001000000010000000000000000
00000000000000000000000100000101
10000001000000010000000000000000
00100001000000010000000000000000
00000000000000000000001000000001
10000001000000010000000000000000
00100001000000010000000000000000
00000000000000000000001000000101
10000001000000010000000000000000
00100001000000010000000000000000
00000000000000000000001100000001
10000001000000010000000000000000
00100001000000010000000000000000
00000000000000000000001100000010
10000001000000010000000000000000
00100001000000010000000000000000
00000000000000000000001100000011
10000001000000010000000000000000
00100001000000010000000000000000
00000000000000000000001100000100
10000001000000010000000000000000
00100001000000010000000000000000
00000000000000000000001100000101
10000001000000010000000000000000
00100001000000010000000000000000
00000000000000000000010000000001
10000001000000010000000000000000
00100001000000010000000000000000
00000000000000000000010000000101
10000001000000010000000000000000
00100001000000010000000000000000
00000000000000000000010100000001
10000001000000010000000000000000
00100001000000010000000000000000
00000000000000000000010100000101
10000001000000010000000000000000
00100001000000010000000000000000
00000000000000000000000100001000
10000001000000010000000000000000
00100001000000010000000000000000
00000000000000000000000100001001
10000001000000010000000000000000
00100001000000010000000000000000
00000000000000000000000100001010
10000001000000010000000000000000
00100001000000010000000000000000
00000000000000000000001000001001
10000001000000010000000000000000
00100001000000010000000000000000
00000000000000000000001100001001
10000001000000010000000000000000
00100001000000010000000000000000
00000000000000000000010000001001
10000001000000010000000000000000
00100001000000010000000000000000
00000000000000000000010100001000
10000001000000010000000000000000
00100001000000010000000000000000
00000000000000000000010100001001
10000001000000010000000000000000
00100001000000010000000000000000
00000000000000000000010100001010
10000001000000010000000000000000
00100001000000010000000000000000
00000000000000001111111111111111
10000001000000010000000000000000
