0.0 0.0 1.0 0.0
0.5 0.479425538604203 0.8775825618903728 0.5463024898437905
1.0 0.8414709848078965 0.5403023058681398 1.5574077246549023
1.5 0.9974949866040544 0.0707372016677029 14.101419947171719
2.0 0.9092974268256817 -0.4161468365471424 -2.185039863261519
2.5 0.5984721441039564 -0.8011436155469337 -0.7470222972386603
3.0 0.1411200080598672 -0.9899924966004454 -0.1425465430742778
3.5 -0.35078322768961984 -0.9364566872907963 0.3745856401585947
4.0 -0.7568024953079282 -0.6536436208636119 1.1578212823495775
4.5 -0.977530117665097 -0.2107957994307797 4.637332054551185
5.0 -0.9589242746631385 0.28366218546322625 -3.380515006246586
5.5 -0.7055403255703919 0.70866977429126 -0.995584052213885
6.0 -0.27941549819892586 0.960170286650366 -0.29100619138474915
6.5 0.21511998808781552 0.9765876257280235 0.22027720034589682
7.0 0.6569865987187891 0.7539022543433046 0.8714479827243188
7.5 0.9379999767747389 0.3466353178350258 2.706013866772691
8.0 0.9893582466233818 -0.14550003380861354 -6.799711455220379
8.5 0.7984871126234903 -0.6020119026848236 -1.326364327785607
9.0 0.4121184852417566 -0.9111302618846769 -0.45231565944180985
9.5 -0.0751511204618093 -0.9971721561963784 0.07536423875739406
10.0 -0.5440211108893698 -0.8390715290764524 0.6483608274590866
10.5 -0.87969575997167 -0.4755369279959925 1.8498999934219273
11.0 -0.9999902065507035 0.004425697988050785 -225.95084645419513
11.5 -0.8754521746884285 0.4833047587530059 -1.8113874503268248
12.0 -0.5365729180004349 0.8438539587324921 -0.6358599286615808
12.5 -0.06632189735120068 0.9977982791785807 -0.0664682418632742
13.0 0.4201670368266409 0.9074467814501962 0.4630211329364896
13.5 0.803784426551621 0.594920663309892 1.3510783472870105
14.0 0.9906073556948704 0.1367372182078336 7.2446066160948055
14.5 0.934895055524683 -0.354924266788705 -2.634069132503833
15.0 0.6502878401571168 -0.7596879128588213 -0.8559934009085187
15.5 0.2064674819377966 -0.9784534628188842 -0.21101410520125533
16.0 -0.2879033166650653 -0.9576594803233847 0.3006322420239034
16.5 -0.711785342369123 -0.7023970575027135 1.0133660651993452
17.0 -0.9613974918795568 -0.27516333805159693 3.49391564547484
17.5 -0.9756260054681576 0.2194399632114593 -4.445981448365507
18.0 -0.750987246771676 0.6603167082440802 -1.1373137123376869
18.5 -0.34248061846961253 0.939524893748256 -0.3645253263096397
19.0 0.14987720966295234 0.9887046181866692 0.15158947061240008
19.5 0.605539869719601 0.7958149698139441 0.7609053519829767
20.0 0.9129452507276277 0.40808206181339196 2.237160944224742
20.5 0.9968297942787993 -0.07956356727854007 -12.528721729997956
21.0 0.8366556385360561 -0.5477292602242684 -1.5274985276366035
21.5 0.47163900309419615 -0.8817917275413242 -0.5348643997934233
22.0 -0.008851309290403876 -0.9999608263946371 0.00885165604168446
22.5 -0.4871745124605095 -0.8733046400935156 0.5578517393521941
23.0 -0.8462204041751706 -0.5328330203333975 1.5881530833912738
23.5 -0.9980820279793963 -0.061905293994420546 16.122724949329086
24.0 -0.9055783620066239 0.424179007336997 -2.1348966977217008
24.5 -0.5913575298651244 0.8064094939122546 -0.7333216366243203
25.0 -0.13235175009777303 0.9912028118634736 -0.13352640702153587
25.5 0.3590583540221683 0.933315112063922 0.3847128899779099
26.0 0.7625584504796027 0.6469193223286404 1.1787535542062797
26.5 0.979357643103917 0.20213512038718198 4.845064238356974
27.0 0.956375928404503 -0.2921388087338362 -3.273703800428119
27.5 0.6992400316550977 -0.7148869687796651 -0.9781127117881626
28.0 0.27090578830786904 -0.9626058663135666 -0.28142960456426525
28.5 -0.22375564018679642 -0.9746452757206577 0.22957648876033424
29.0 -0.6636338842129675 -0.7480575296890003 0.8871428437982151
29.5 -0.9410314083429535 -0.3383192109710552 2.781489722803424
30.0 -0.9880316240928618 0.15425144988758405 -6.405331196646276
30.5 -0.7931272394572851 0.6090559761063562 -1.3022238851142733
31.0 -0.404037645323065 0.9147423578045313 -0.441695568020698
31.5 0.08397445569174683 0.9964679075571249 0.084272112583749
32.0 0.5514266812416906 0.8342233605065102 0.6610060414837631
32.5 0.8838704235458307 0.4677318402470736 1.8896947940917106
33.0 0.9999118601072672 -0.013276747223059479 -75.31301480008509
33.5 0.8711400001691764 -0.49103472393024045 -1.7740904211347304
34.0 0.5290826861200238 -0.8485702747846052 -0.6234989627162255
34.5 0.057487478104924564 -0.9983462274487422 -0.057582706804865574
35.0 -0.428182669496151 -0.9036922050915067 0.473814720414451
35.5 -0.8090187662119065 -0.587782813560387 1.3763906455709773
36.0 -0.9917788534431158 -0.12796368962740468 7.750470905699148
36.5 -0.9317168878547055 0.36318540841606234 -2.5654028665913198
37.0 -0.6435381333569995 0.7654140519453434 -0.8407712554027597
37.5 -0.19779879963646227 0.9802426408101081 -0.20178554921156475
38.0 0.2963685787093853 0.9550736440472949 0.310309660994801
38.5 0.7179745927716441 0.6960693098638897 1.0314699737473525
39.0 0.9637953862840878 0.26664293235993725 3.614554407101535
39.5 0.9736454556949781 -0.22806693448309956 -4.269121509883442
40.0 0.7451131604793488 -0.6669380616522619 -1.117214930923896
40.5 0.33415117684842055 -0.9425194910508831 -0.3545297259326184
41.0 -0.158622668804709 -0.9873392775238264 0.16065669868064283
41.5 -0.6125601529754697 -0.7904239741978156 0.7749766871597538
42.0 -0.9165215479156338 -0.39998531498835127 2.2913879924374863
42.5 -0.996086503119594 0.08838369930580554 -11.270025026596338
43.0 -0.8317747426285983 0.5551133015206257 -1.4983873388551707
43.5 -0.46381551598382736 0.8859318072699817 -0.5235341051960705
44.0 0.017701925105413577 0.9998433086476912 0.017704699278685777
44.5 0.4948853175526281 0.8689582973139933 0.5695156132145246
45.0 0.8509035245341184 0.5253219888177297 1.6197751905438615
45.5 0.9985908724117705 0.05306853621402457 18.817004267546956
46.0 0.9017883476488092 -0.4321779448847783 -2.086613531121382
46.5 0.5841965844132856 -0.8116121923430246 -0.7197976939291435
47.0 0.123573122745224 -0.9923354691509287 -0.12452756813273719
47.5 -0.36730534913419133 -0.9301004142012893 0.3949093490616383
48.0 -0.7682546613236668 -0.6401443394691997 1.2001272431162864
48.5 -0.981108438603097 -0.1934586046207122 5.07141277342831
49.0 -0.9537526527594719 0.3005925437436371 -3.172908552159191
49.5 -0.6928849542336957 0.7210481538680822 -0.9609413053992244
50.0 -0.26237485370392877 0.9649660284921133 -0.27190061199763077
50.5 0.23237376165548454 0.9726265649744922 0.23891364890036568
51.0 0.6702291758433747 0.7421541968137826 0.9030861493754311
51.5 0.9439891127251193 0.32997659774057014 2.860775943472482
52.0 0.9866275920404853 -0.16299078079570548 -6.053272382792838
52.5 0.7877052269841179 -0.616052331690985 -1.2786336265004756
53.0 0.39592515018183416 -0.9182827862121189 -0.4311581967195641
53.5 -0.09279121175730869 -0.9956855884367365 0.09319328594782049
54.0 -0.5587890488516163 -0.8293098328631502 0.6738001006480598
54.5 -0.8879758383376634 -0.4598901070131037 1.9308435315229822
55.0 -0.9997551733586199 0.022126756261955736 -45.18308791052113
55.5 -0.8667595742607592 0.49872621790648564 -1.7379466792405172
56.0 -0.5215510020869119 0.8532201077225842 -0.6112736881917098
56.5 -0.04864855487508726 0.9988159580766447 -0.04870622508751927
57.0 0.43616475524782494 0.8998668269691937 0.48469922679209587
57.5 0.8141897215084345 0.580598912666927 1.402327327429068
58.0 0.9928726480845371 0.11918013544881928 8.330856852490458
58.5 0.9284657227653786 -0.37141809547969407 -2.4997859126013937
59.0 0.6367380071391379 -0.7710802229758452 -0.8257740091968151
59.5 0.18911462035089152 -0.9819550195245901 -0.19258990136070658
60.0 -0.3048106211022167 -0.9524129804151563 0.320040389379563
60.5 -0.7241075918674496 -0.6896870271361664 1.0499075136648721
61.0 -0.9661177700083929 -0.25810163593826746 3.7431679442724195
61.5 -0.9715886235161092 0.23667603734656428 -4.10514150232038
62.0 -0.7391806966492228 0.6735071623235862 -1.0975097786622852
62.5 -0.32579555541456173 0.9454402445803316 -0.3445966651855169
63.0 0.16735570030280691 0.9858965815825497 0.16974975208268753
63.5 0.6195324438519512 0.784971051068018 0.789242409651956
64.0 0.9200260381967906 0.39185723042955 2.3478603091954366
64.5 0.9952651713612277 -0.0971969067167568 -10.239679481380486
65.0 0.8268286794901034 -0.562453851238172 -1.4700382576631723
65.5 0.45595569022148996 -0.8900024767126464 -0.5123083386302796
66.0 -0.026551154023966794 -0.99964745596635 0.02656051777603939
66.5 -0.5025573497604873 -0.8645438740756395 0.5812976817374548
67.0 -0.8555199789753223 -0.5177697997895051 1.6523172640102353
67.5 -0.999021480034635 -0.04422762066183892 22.588180532547263
68.0 -0.8979276806892913 0.4401430224960407 -2.0400815980159464
68.5 -0.5769898687885426 0.8167513032223336 -0.7064449931235386
69.0 -0.11478481378318722 0.9933903797222716 -0.11554854579453279
69.5 0.375523566896625 0.926812845565509 0.4051773437251979
70.0 0.7738906815578891 0.6333192030862999 1.2219599181369434
70.5 0.9827823669926928 0.18476693191217952 5.319038189473284
71.0 0.9510546532543747 -0.3090227281660707 -3.07762040319336
71.5 0.6864755912087755 -0.7271528468448446 -0.9440595525238333
72.0 0.25382336276203626 -0.9672505882738824 -0.26241737750193517
72.5 -0.2409736772881011 -0.9705316516498831 0.2482903848405675
73.0 -0.6767719568873076 -0.7361927182273159 0.9192864044036078
73.5 -0.9468728581933475 -0.32160813176404734 2.9441819552250474
74.0 -0.9851462604682474 0.17171734183077755 -5.737022539278999
74.5 -0.7822215000035424 0.6230004212937645 -1.25557138208531
75.0 -0.38778163540943045 0.9217512697247493 -0.42070095062112434
75.5 0.1016006978902495 0.9948252601277343 0.10212918988125019
76.0 0.5661076368981803 0.8243313311075577 0.6867476893515227
76.5 0.8920116826993705 0.45201234267200896 1.9734232862456051
77.0 0.9995201585807313 -0.03097503173121646 -32.268575775934416
77.5 0.862311240157329 -0.506378638074642 -1.7028981385076147
78.0 0.5139784559875352 -0.8578030932449878 -0.5991799983411151
78.5 0.039805820166669656 -0.9992074342602034 -0.03983739392025363
79.0 -0.4441126687075084 -0.8959709467909631 0.49567753318135577
79.5 -0.8192968873112808 -0.5733695234681091 1.4289160022940253
80.0 -0.9938886539233752 -0.11038724383904756 9.00365494560708
80.5 -0.9251418149764185 0.37962168297153187 -2.4370099403563197
81.0 -0.6298879942744539 0.7766859820216312 -0.8109944158318942
81.5 -0.1804156244623088 0.9835904648022342 -0.183425552522598
82.0 0.31322878243308516 0.9496776978825432 0.32982640650767975
82.5 0.7301838591531669 0.6832507093535931 1.0686909638834858
83.0 0.9683644611001854 0.24954011797333814 3.880596310384246
83.5 0.9694556700786149 -0.24526659730265726 -3.9526608218986845
84.0 0.7331903200732922 -0.6800234955873388 -1.0781838051640156
84.5 0.31741440880766936 -0.9482869255037094 -0.3347240168254621
85.0 -0.1760756199485871 -0.9843766433940419 0.17887017243876716
85.5 -0.6264561960895026 -0.7794566276458688 0.8037088580304189
86.0 -0.9234584470040598 -0.38369844494974187 2.4067297096422102
86.5 -0.9943658633527529 0.10600249902117563 -9.38058887794818
87.0 -0.8218178366308225 0.569750334265312 -1.4424174716642324
87.5 -0.44806014160260915 0.8940034169437217 -0.5011839251513901
88.0 0.03539830273366068 0.9993732836951247 0.03542050133937693
88.5 0.5101900080017631 0.8600617162362019 0.5932016253838786
89.0 0.8600694058124533 0.5101770449416689 1.6858253705060158
89.5 0.9993738171110836 0.03538323999893738 28.244270935649098
90.0 0.8939966636005579 -0.4480736161291701 -1.995200412208242
90.5 0.5697379476169631 -0.8218264239151786 -0.6932582489897723
91.0 0.10598751175115685 -0.9943674609282015 -0.10658787210537021
91.5 -0.38371236343503057 -0.9234526637284138 0.41551925562248404
92.0 -0.7794660696158047 -0.626444447910339 1.2442700581287092
92.5 -0.9843792971250844 -0.17606078322989716 5.591133238568516
93.0 -0.9482821412699473 0.31742870151970165 -2.9873862594340443
93.5 -0.6800124447360528 0.7332005694242856 -0.9274576058635683
94.0 -0.24525198546765434 0.9694593666699876 -0.2529780967613677
94.5 0.24955471330524379 0.9683606998774463 0.2577084275898711
95.0 0.683261714736121 0.7301735609948197 0.9357524720632393
95.5 0.9496824188142243 0.31321446868745406 3.0320515613277106
96.0 0.9835877454343449 -0.18043044929108396 -5.451340110823241
96.5 0.7766764881502719 -0.6298997005512549 -1.2330161253776841
97.0 0.3796077390275217 -0.9251475365964139 -0.41032129904824216
97.5 -0.11040222389190282 -0.9938869900344416 0.1110812647704313
98.0 -0.5733818719904229 -0.8192882452914593 0.6998536538095259
98.5 -0.8959776404338033 -0.44409916442465225 2.0175170597192573
99.0 -0.9992068341863537 0.0398208803931389 -25.092534979676547
99.5 -0.857795346373455 0.5139913848889341 -1.6688905137170962
100.0 -0.5063656411097588 0.8623188722876839 -0.5872139151569291
100.5 -0.030959966783271346 0.9995206253283515 -0.030974815325197236
101.0 0.45202578717835057 0.8920048697881602 0.5067526002248183
101.5 0.82433986348825 0.5660952123664124 1.4561858950234072
102.0 0.9948267913584063 0.10158570369662134 9.79298026353578
102.5 0.9217454249067293 -0.3877955281633778 -2.3768851313788204
103.0 0.6229886314423488 -0.7822308898871159 -0.7964255049199765
103.5 0.17170249351277814 -0.9851488485104646 -0.17429091428406035
104.0 -0.32162240316253093 -0.9468680107512125 0.3396697316950931
104.5 -0.7362029185702026 -0.6767608607837156 1.087833178942486
105.0 -0.9705352835374847 -0.24095904923620143 4.027801763884419
105.5 -0.9672467624934477 0.2538379413049674 -3.8104893126728157
106.0 -0.7271425000808526 0.6864865509069841 -1.0592232274909887
106.5 -0.30900839366720273 0.9510593107915064 -0.3249096982290564
107.0 0.18478174456066745 0.9827795820412206 0.18801951926685143
107.5 0.6333308672314487 0.7738811359710619 0.8183826143232559
108.0 0.926818505417785 0.3755095977670121 2.468161961582769
108.5 0.9933886495524434 -0.1147997863254662 -8.653227339083285
109.0 0.8167426066363169 -0.577002178942952 -1.415493106338976
109.5 0.44012948872139646 -0.8979343145007 -0.4901577783739473
110.0 -0.044242678085070965 -0.999020813314648 0.04428604238812435
110.5 -0.5177826942789717 -0.855512174960245 0.6052312397576722
111.0 -0.8645514486106083 -0.5025443191453852 1.7203486651303583
111.5 -0.9996478560364893 -0.026536087157875483 37.67126065305412
112.0 -0.8899956043668333 0.4559691044442761 -1.951876992743923
112.5 -0.562441389066343 0.8268371568000089 -0.6802323582591286
113.0 -0.09718190589320902 0.9952666362171313 -0.09764409089667046
113.5 0.39187109718004004 0.9200201319508784 0.4259375241594852
114.0 0.7849803886813105 0.6195206125592099 1.2670771121538542
114.5 0.98589910388525 0.16734084067633054 5.891562991440739
115.0 0.9454353340247703 -0.3258098052199642 -2.9018013542793097
115.5 0.6734960211850264 -0.7391908477842096 -0.9111260281480631
116.0 0.23666139336428604 -0.9715921906288022 -0.24358099586115628
116.5 -0.2581161974066756 -0.9661138797451976 0.2671695364471433
117.0 -0.689697940935389 -0.7240971967004738 0.9524935935094995
117.5 -0.9524175744665119 -0.3047962661308802 3.1247678541361843
118.0 -0.9819521690440836 0.1891294205289584 -5.191958851762742
118.5 -0.7710706258605184 0.6367496289241701 -1.2109478998257015
119.0 -0.3714041014380902 0.9284713207390763 -0.4000167728847535
119.5 0.11919510018725629 0.9928708516677031 0.12005096129778303
120.0 0.5806111842123143 0.8141809705265618 0.7131230097859091
120.5 0.8998734008192355 0.4361511922464772 2.0632143550594724
121.0 0.9988152247235795 -0.04866360920015389 -20.524889977137597
121.5 0.8532122467168191 -0.5215638619118832 -1.6358730138802582
122.0 0.4987131538963941 -0.8667670910519801 -0.57537158372166
122.5 0.0221116877728314 -0.9997555067434422 -0.02211709525347552
123.0 -0.45990349068959124 -0.8879689066918555 0.5179274715856552
123.5 -0.8293182549362247 -0.5587765492838215 1.4841679666033838
124.0 -0.9956869868891794 -0.09277620459766088 10.732137526072965
124.5 -0.9182768186539993 0.39593899065726024 -2.3192381662883372
125.0 -0.6160404591886565 0.7877145121442345 -0.7820605685069013
125.5 -0.1629759101518061 0.9866300485542645 -0.16518441779734871
126.0 0.329990825673782 0.9439841391523142 0.3495724260474436
126.5 0.7421642985420401 0.6702179898880674 1.1073476238171234
127.0 0.972630067242408 0.23235910202965793 4.185891831851989
127.5 0.9649620738223555 -0.2623893978125999 -3.677595519737948
128.0 0.7210377105017316 -0.6928958219201651 -1.0406148914328552
128.5 0.3005781685810014 -0.953757183235068 -0.31515166948621487
129.0 -0.19347339203846847 -0.9811055226493881 0.1971993710890657
129.5 -0.6401559186664806 -0.7682450128678183 0.8332705164942265
130.0 -0.9301059501867618 -0.3672913304546965 2.5323384274693232
130.5 -0.992333606522275 0.12358807938670624 -8.029363442223826
131.0 -0.8116033871367004 0.5842088171092893 -1.3892350874685138
131.5 -0.4321643529223842 0.9017948614087224 -0.4792268967326854
132.0 0.05308358714605824 0.9985900724399912 0.053158536832187686
132.5 0.5253348137263215 0.8508956066916382 0.6173904408425288
133.0 0.8689657562142357 0.4948722204034305 1.755939655505084
133.5 0.9998435753406666 0.01768685528840119 56.530319213746886
134.0 0.8859248164599484 -0.4638288688518717 -1.9100251751317299
134.5 0.5551007648016929 -0.8317831092998796 -0.6673623912235088
135.0 0.08836868610400143 -0.9960878351411849 -0.08871575677006045
135.5 -0.3999991289176214 -0.916515519162193 0.4364346490098383
136.0 -0.7904332067228887 -0.6125482394960996 1.290401564737371
136.5 -0.9873416682005692 -0.15860778743465642 6.225051645760687
137.0 -0.9425144545582509 0.33416538263076073 -2.8205029711281955
137.5 -0.6669268310993051 0.7451232126030157 -0.8950557703999864
138.0 -0.2280522595008612 0.9736488930495181 -0.23422432986760747
138.5 0.2666574588239974 0.9637913672852274 0.27667550039912525
139.0 0.6960801312247415 0.717964101410472 0.9695194089192783
139.5 0.9550781108583937 0.2963541836370153 3.22275899444769
140.0 0.9802396594403116 -0.19781357400426822 -4.955371057696783
140.5 0.7654043523379565 -0.6435496697397284 -1.189347750963045
141.0 0.363171365373259 -0.9317223617435201 -0.3897849620069879
141.5 -0.12797863787897792 -0.9917769246391254 0.1290397413970335
142.0 -0.5877950071674065 -0.8090099069535975 0.7265609507562195
142.5 -0.9036986586337072 -0.428169048838935 2.1106118274645604
143.0 -0.9983453608739179 0.05750252534912421 -17.36176550181936
143.5 -0.8485623002604958 0.529095475861036 -1.6037980647624475
144.0 -0.49102159389846933 0.8711474010323434 -0.5636492668365763
144.5 -0.013261676373330016 0.9999120601031718 -0.01326284270634926
145.0 0.4677451620451334 0.8838633737085002 0.5292052776014188
145.5 0.8342316716121213 0.5514141076171752 1.5128950458251513
146.0 0.9964691731217737 0.08395943674184847 11.868459482233483
146.5 0.9147362679738538 -0.40405143243560715 -2.263910469169376
147.0 0.6090440218832924 -0.7931364191664784 -0.7678931482220271
147.5 0.15423655808285816 -0.988033948885742 -0.15610451266052028
148.0 -0.3383333943242765 -0.9410263090291437 0.3595365943310712
148.5 -0.7480675320111867 -0.6636226092823331 1.127248411292339
149.0 -0.9746486480944947 -0.22374095013558368 4.356147801749622
149.5 -0.9626017830643233 0.2709202968427898 -3.5530810879884127
150.0 -0.7148764296291646 0.6992508064783751 -1.0223462354365875
150.5 -0.29212439403368673 0.9563803314636136 -0.30544793156361655
151.0 0.20214988141565363 0.9793545963764285 0.20641132656506622
151.5 0.6469308156708554 0.7625486999106625 0.848379671680835
152.0 0.933320523748862 0.35904428689111606 2.5994579438382797
152.5 0.991200816921926 -0.13236668966664739 -7.488294973744291
153.0 0.8064005807754863 -0.5913696841443247 -1.3636150151022672
153.5 0.42416535825174545 -0.9055847552047066 -0.4683883599121136
154.0 -0.06192033725605731 -0.9980810948185003 0.06203938495330126
154.5 -0.5328457746563188 -0.8462123731256282 0.6296832705106437
155.0 -0.8733119827746476 -0.48716134980334147 1.7926544934798059
155.5 -0.9999609596895538 -0.008836237703148543 113.16591894458045
156.0 -0.8817846188147811 0.47165229356133864 -1.8695649970375994
156.5 -0.5477166499404489 0.836663893913208 -0.6546435837916853
157.0 -0.0795485428747221 0.9968309933617175 -0.07980143414928566
157.5 0.4080958218391593 0.9129390999389944 0.44701319273808043
158.0 0.7958240965274552 0.6055278749869898 1.314265006453343
158.5 0.9887068770501516 0.1498623077152374 6.597435286588902
159.0 0.9395197317131483 -0.34249477911590703 -2.7431651195920748
159.5 0.6603053891566091 -0.7509971990964674 -0.8792381515550649
160.0 0.21942525837900473 -0.9756293127952373 -0.22490638145171965
160.5 -0.27517782837320115 -0.9613933444599089 0.28622813956319865
161.0 -0.702407785577371 -0.7117747556357236 0.9868399799456411
161.5 -0.9576638195442646 -0.2878888826194756 3.32650504191258
162.0 -0.9784503507933796 0.20648222933781113 -4.7386661502603475
162.5 -0.7596781115193113 0.6502992902336991 -1.1681976636423892
163.0 -0.35491017584493534 0.9349004048997503 -0.37962351282005535
163.5 0.13675214880138925 0.9906052946548402 0.1380490792238681
164.0 0.5949327780232085 0.803775459710974 0.7401728565302775
164.5 0.9074531141789384 0.4201533595806971 2.1598140143031457
165.0 0.9977972794498907 -0.06633693633562374 -15.041353046538894
165.5 0.8438458713148201 -0.5365856366554476 -1.572621057422509
166.0 0.48329156372825655 -0.875459459043705 -0.5520433399122477
166.5 0.004410625958475234 -0.9999902731420214 -0.00441066886042483
167.0 -0.47555018687189876 -0.8796885924951523 0.5405892391113613
167.5 -0.839079728563448 -0.5440084641932424 1.5424019731159746
168.0 -0.9971732887740798 -0.07513609089835323 13.271561999719832
168.5 -0.9111240502585628 0.41213221791123295 -2.2107566714301505
169.0 -0.6019998676776046 0.7984961861625556 -0.7539170231616501
169.5 -0.1454851220097925 0.989360439513222 -0.14704966582388623
170.0 0.3466494554970303 0.9379947521194415 0.369564386915556
170.5 0.7539121564757657 0.6569752356961871 1.1475503421020976
171.0 0.9765908679435658 0.21510526876214117 4.540060192683886
171.5 0.9601660751415484 -0.2794299700233931 -3.436159961872258
172.0 0.7086591401823227 -0.7055510066862999 -1.0044052569786848
172.5 0.2836477323549146 -0.9589285499607959 -0.2957965245340865
173.0 -0.2108105329134813 -0.9775269404025313 0.21565700565415885
173.5 -0.6536550274502899 -0.7567926433898263 0.8637174702471178
174.0 -0.9364619742512132 -0.3507691132091307 2.669738979249547
174.5 -0.9899903695023021 0.14113492938566014 -7.014495800661016
175.0 -0.8011345951780408 0.5984842190140996 -1.3386060479552375
175.5 -0.41613313140840114 0.9093036989610448 -0.45763932543535
176.0 0.07075223608034517 0.9974939203271522 0.07092999229222396
176.5 0.5403149886061247 0.8414628411805024 0.6421139023181436
177.0 0.8775897877771157 0.47941231147032193 1.830553297819184
177.5 0.9999999998864147 -1.50721766814562e-05 -66347.41756422931
178.0 0.8775753358042688 -0.4794387656291727 -1.8304221492240353
178.5 0.540289623007414 -0.8414791282441333 -0.6420713299625217
179.0 0.07072216723899125 -0.9974960526543551 -0.07089969634546249
179.5 -0.41616054159134735 -0.9092911544837531 0.4576757835367057
180.0 -0.8011526357338304 -0.5984600690578581 1.3386902103511544
180.5 -0.9899946234736917 -0.141105086702016 7.0160094622552505
181.0 -0.936451400117644 0.3507973420904214 -2.6694940005453764
181.5 -0.6536322141284454 0.756812347054107 -0.8636648393392491
182.0 -0.21078106590019152 0.9775332947055968 -0.21562545955396062
182.5 0.2836766385070983 0.9589199991476417 0.29582930667756524
183.0 0.7086804082392084 0.705529644294206 1.0044658136911517
183.5 0.9601744979410612 0.27940102631098374 3.4365460664856378
184.0 0.9765843832906294 -0.21513470736462095 -4.53940879764912
184.5 0.7538923520395793 -0.6569979615921431 -1.147480503916064
185.0 0.346621180094276 -0.9380052012169503 -0.3695301258933065
185.5 -0.14551494557438124 -0.9893560535087885 0.14708046214333756
186.0 -0.6020239375552833 -0.7984780389030324 0.7539643023649815
186.5 -0.9111364733038093 -0.412104752478659 2.210934156482441
187.0 -0.997171023392149 0.07516615000819327 -13.26622453436095
187.5 -0.8390633293988445 0.5440337574619116 -1.5423001199656037
188.0 -0.47552366901205834 0.879702927248347 -0.5405502861056347
188.5 0.0044407700166209495 0.9999901397322173 0.004440813804234233
189.0 0.48331795366796265 0.8754448901342752 0.5520826714675685
189.5 0.8438620459584654 0.5365601992235288 1.572725757854648
190.0 0.9977992786806003 0.06630685835171127 15.048206226088658
190.5 0.9074404485153089 -0.4201807139771352 -2.1596432637902767
191.0 0.594908548461427 -0.8037933932096717 -0.7401261984573734
191.5 0.13672228758321528 -0.9906094165098637 -0.13801836052085814
192.0 -0.3549383576518463 -0.9348897059372352 0.37965800179179154
192.5 -0.7596977140257526 -0.6502763899328083 1.1682689480764485
193.0 -0.9784565746221131 -0.20645273449087873 4.739373285779085
193.5 -0.9576551408849527 0.2879177506452518 -3.326141367591105
194.0 -0.7023863292684921 0.711795928940826 -0.9867804811888492
194.5 -0.2751488476674837 0.9614016390808037 -0.28619552586841185
195.0 0.21945466799406363 0.9756226979194443 0.22493805080802215
195.5 0.6603280271815468 0.7509772942762827 0.8792916007106518
196.0 0.9395300555699313 0.3424664577455166 2.74342212009588
196.5 0.9887023590985824 -0.14989211157661958 -6.596093341397706
197.0 0.7958058429196471 -0.6055518643146514 -1.3141827972411917
197.5 0.4080683016949204 -0.9129514013088668 -0.44697702540341916
198.0 -0.07957859166428352 -0.9968285949694307 0.0798317705429828
198.5 -0.54774187038366 -0.8366473829688406 0.6546866476053504
199.0 -0.8817988360675502 -0.47162571251991114 1.8697005117809862
199.5 -0.9999606928725588 0.008866380875648453 -112.78115692265764
200.0 -0.8732972972139946 0.48718767500700594 -1.7925274837903817
200.5 -0.5328202658894324 0.8462284350324767 -0.6296411746894133
201.0 -0.06189025071872073 0.9980829609135574 -0.06200912463436088
201.5 0.42419265632588754 0.9055719686028203 0.4684251180835043
202.0 0.8064184068658303 0.591345375451585 1.3637012147934755
202.5 0.9912048065798491 0.13233681049883225 7.490015837948547
203.0 0.9333097001669604 -0.35907242107165305 -2.5992241269365493
203.5 0.6469078288394643 -0.7625682008753121 -0.8483278323131133
204.0 0.2021203593127912 -0.9793606896089245 -0.20637989808790605
204.5 -0.29215322336762034 -0.9563715251281321 0.30548088864155426
205.0 -0.7148975077677643 -0.6992292566729736 1.0224078883216963
205.5 -0.9626099493441341 -0.2708912797114064 3.553491830263599
206.0 -0.97464190312541 0.22377033018717848 -4.355545716494879
206.5 -0.7480475271968774 0.6636451589928438 -1.1271799651671137
207.0 -0.3383050275409778 0.9410365074429887 -0.35950255368968614
207.5 0.15426634165726855 0.9880292990755299 0.1561353917354587
208.0 0.6090679301910603 0.7931180595679168 0.7679410686006504
208.5 0.9147484474274064 0.4040238581187374 2.2640951246957637
209.0 0.9964666417661079 -0.08398947462256867 -11.864184723669519
209.5 0.8342150492113882 -0.5514392547409379 -1.512795910046876
210.0 0.46771851834275896 -0.8838774731823718 -0.5291666916894644
210.5 -0.013291818069772856 -0.999911659884212 0.013292992374258367
211.0 -0.491047853850463 -0.8711325991081119 0.5636889887408766
211.5 -0.8485782491159444 -0.5290698962588196 1.6039057506700818
212.0 -0.9983470937967718 -0.057472430847665464 17.37088685952675
212.5 -0.9036857513440141 0.42819629005609655 -2.1104474100549195
213.0 -0.5877706198198406 0.8090276252864301 -0.7265148944842826
213.5 -0.12794874134676187 0.9917807820218032 -0.1290090952215578
214.0 0.36319945137636067 0.9317114137542325 0.3898196866698101
214.5 0.7654237513788508 0.6435265968280777 1.1894205385629755
215.0 0.9802456219572225 0.19778402522372224 4.956141532909058
215.5 0.9550691770192314 -0.2963829737144291 -3.2224157988895126
216.0 0.6960584883449115 -0.7179850839697136 -0.9694609315508746
216.5 0.2666284058353037 -0.9637994050640022 -0.2766430487862751
217.0 -0.22808160941352784 -0.9736420181192547 0.2342561281959708
217.5 -0.6669492920537099 -0.7451031081864141 0.8951100656083276
218.0 -0.9425245273294025 -0.33413697099017103 2.82077294391086
218.5 -0.9873368866227894 0.15863755013872718 -6.223853594305836
219.0 -0.7904147414931815 0.6125720663156844 -1.2903212290549455
219.5 -0.3999715009682163 0.9165275764608679 -0.4363987633767542
220.0 0.08839871248753149 0.9960851708717215 0.08874613845537885
220.5 0.5551258381134531 0.8317663757683622 0.6674059619212709
221.0 0.8859387978787574 0.4638021630104179 1.910165300067515
221.5 0.999843041727581 -0.01771699491840461 -56.43412138076153
222.0 0.8689508382163493 -0.49489841458940237 -1.7558165728562365
222.5 0.5253091637898002 -0.8509114421832984 -0.6173488071119875
223.0 0.05305348526993529 -0.9985916721566993 -0.05312830734443589
223.5 -0.4321915367489943 -0.9017818336840362 0.47926396452606335
224.0 -0.8116209973649744 -0.5841843515845697 1.3893234133428851
224.5 -0.9923373315541532 -0.1235581660756696 8.031337491254321
225.0 -0.9300948780045254 0.36731936773024515 -2.5321149923343427
225.5 -0.640132760126497 0.7682643096049905 -0.8332194430008424
226.0 -0.19344381715900788 0.9811113543339269 -0.19716805468053747
226.5 0.300606918837987 0.9537481220672112 0.31518480810890975
227.0 0.7210585970706318 0.6928740863898232 1.0406776804536915
227.5 0.9649699829426591 0.2623603095356538 3.6780334062364077
228.0 0.9726230624856244 -0.23238842122852268 -4.185333577911702
228.5 0.7421440949169293 -0.6702403616464259 -1.107280518132143
229.0 0.3299623697323973 -0.9439940860834779 -0.349538598383993
229.5 -0.16300565140257817 -0.9866251353025733 0.16521538482048542
230.0 -0.6160642040533645 -0.787695941645058 0.7821091508568009
230.5 -0.9182887535616316 -0.3959113096164656 2.319430466513354
231.0 -0.9956841897581032 0.09280621889587708 -10.728636524619112
231.5 -0.8293014106016808 0.5588015482924706 -1.4840714259575272
232.0 -0.4598767232321427 0.8879827697817494 -0.5178892416405471
232.5 0.022141824746053522 0.9997548397466827 0.02214725437254578
233.0 0.49873928180328125 0.8667520572726362 0.575411708133279
233.5 0.8532279685345228 0.5215381421434596 1.635983832415128
234.0 0.9988166912028082 0.048633500538969116 20.53762694713853
234.5 0.8998602529147288 -0.43617831815008895 -2.06305590046566
235.0 0.5805866409896447 -0.8141984723053474 -0.7130775366671388
235.5 0.11916517068330806 -0.9928744442758198 -0.12002038260761606
236.0 -0.37143208943692263 -0.9284601245807608 0.4000517411608172
236.5 -0.7710898199160053 -0.6367263852094576 1.211022250416633
237.0 -0.9819578697820255 -0.18909982012986337 5.19280171238487
237.5 -0.9524083861474406 0.30482497600430924 -3.1244434056282073
238.0 -0.6896761131802671 0.7241179868699296 -0.9524361025217163
238.5 -0.25808707441122625 0.9661216600521149 -0.26713724066315253
239.0 0.2366906812750767 0.9715850561826999 0.24361292896477882
239.5 0.6735183033091452 0.7391705453463161 0.9111811983709233
240.0 0.9454451549211168 0.32578130553514806 2.9020853525283514
240.5 0.9858940590558828 -0.16737055989126504 -5.890486712217397
241.0 0.7849617132764033 -0.6195442750039529 -1.2669985745109094
241.5 0.39184336359004157 -0.9200319442337003 -0.4259019113911421
242.0 -0.09721190751822432 -0.9952637062792294 0.09767452274699016
242.5 -0.5624663132822282 -0.8268202019923669 0.6802764517931079
243.0 -0.8900093488562771 -0.4559422758951242 1.9520219903034328
243.5 -0.9996470556691202 0.026566220884026468 -37.62850049440718
244.0 -0.8645362993442719 0.5025703802614231 -1.7202293117524439
244.5 -0.5177569051824165 0.8555277827960506 -0.6051900541327535
245.0 -0.04421256322855966 0.9990221465276736 -0.04425583895435189
245.5 0.4401565561706975 0.8979210466738997 0.4901951656007349
246.0 0.8167599996228085 0.5769775585030581 1.415583652407305
246.5 0.9933921096664309 0.11476984121483252 8.655515239469093
247.0 0.9268071855026884 -0.3755375359409301 -2.467948199054248
247.5 0.6333075387972795 -0.7739002269689113 -0.8183322820277716
248.0 0.184752119221718 -0.982785151720906 -0.18798830944709308
248.5 -0.30903706259473784 -0.9510499955011913 0.3249430251370531
249.0 -0.727163193443649 -0.68646463135462 1.0592871944599935
249.5 -0.9672544138345865 -0.253808784161444 3.8109572016204547
250.0 -0.9705280195418053 0.24098830528525864 -4.027282645076856
250.5 -0.736182517717188 0.676783052837157 -1.0877673644915031
251.0 -0.3215938602925038 0.9468777054203809 -0.33963610976533376
251.5 0.17173219010976784 0.985143672202234 0.1743219745053735
252.0 0.623012211003653 0.7822121099422712 0.7964747708260775
252.5 0.9217571143333747 0.3877677425673905 2.377085593119396
253.0 0.9948237286710673 -0.10161569206079699 -9.79006006351717
253.5 0.8243227985396018 -0.5661200613013454 -1.4560918343800138
254.0 0.45199889806298343 -0.892018495407942 -0.5067147154345417
254.5 -0.030990096672124958 -0.9995196916060495 0.031004988628417524
255.0 -0.5063916349244909 -0.8623036078310824 0.5872544546093196
255.5 -0.8578108399216532 -0.5139655269693756 1.6690046217297478
256.0 -0.9992080341070627 -0.03979075993115771 25.111559463448298
256.5 -0.8959642529445848 0.4441261728894752 -2.0173642258357822
257.0 -0.5733571748155426 0.8193055291449822 -0.699808745845877
257.5 -0.11037226376111557 0.9938903175865266 -0.1110507485666362
258.0 0.37963562682930313 0.9251360931462582 0.41035651904814957
258.5 0.7766954757165503 0.6298762878545608 1.233092101882537
259.0 0.9835931839466808 0.18040079959254857 5.452266210394935
259.5 0.9496729767351233 -0.3132430961075599 -3.0317443178668784
260.0 0.6832397038158508 -0.7301941571456378 -0.9356959339234729
260.5 0.2495255225847443 -0.9683682221029407 -0.25767628149018185
261.0 -0.24528120908194284 -0.9694519732670104 0.25301017053516944
261.5 -0.6800345462841434 -0.7331800705557395 0.927513681282536
262.0 -0.9482917095220488 -0.31740011602352985 2.9876854533088735
262.5 -0.984373989439378 0.17609045662727782 -5.5901609223659126
263.0 -0.7794471854988634 0.6264679441263539 -1.244193246927978
263.5 -0.3836845263772881 0.9234642300699232 -0.41548390710080474
264.0 0.10601748626711377 0.9943642655514137 0.10661835902592794
264.5 0.5697627207842304 0.8218092491597738 0.6933028818631107
265.0 0.8940101700837942 0.44804666697426215 1.995350564978425
265.5 0.9993727500521375 -0.03541336546034254 -28.22021395202553
266.0 0.8600540264645697 -0.510202970945957 -1.6857095615691162
266.5 0.5101640817656776 -0.8600770951933222 -0.593160874317908
267.0 0.035368177256176046 -0.9993743503000143 -0.03539031919876515
267.5 -0.448087090553942 -0.8939899100543045 0.5012216418938369
268.0 -0.8218350110128397 -0.5697255608391865 1.4425103374373878
268.5 -0.9943690582777592 -0.10597252445706083 9.383272346981496
269.0 -0.9234468802429867 0.3837262818331512 -2.406524973560483
269.5 -0.6264326995888657 0.7794755114086689 -0.8036592431964618
270.0 -0.1760459464712114 0.9843819506325049 -0.17883906379845224
270.5 0.3174429941596235 0.9482773568207633 0.33475753889547355
271.0 0.7332108186087175 0.6800013937302882 1.078248993853583
271.5 0.9694630630411277 0.24523737357693737 3.9531619871021895
272.0 0.9683569384347241 -0.24956930858045798 -3.8801122779988715
272.5 0.7301632626705985 -0.683272719963432 -1.0686263937329097
273.0 0.3132001548706699 -0.9496871395301657 -0.3297929832193136
273.5 -0.18044527407887062 -0.9835850258430133 0.1834567112530146
274.0 -0.6299114066849614 -0.7766669941024745 0.8110443877081378
274.5 -0.925153258006243 -0.37959379499727586 2.437219127917732
275.0 -0.9938853259197261 0.11041720391967796 -9.001181796296159
275.5 -0.8192796030855196 0.5733942203824812 -1.4288243131209468
276.0 -0.4440856600409099 0.8959843338731037 -0.4956399830354676
276.5 0.03983594061056201 0.9992062338855137 0.039867586149513856
277.0 0.5140043136735694 0.8577875993070563 0.5992209657598172
277.5 0.8623265042221454 0.5063526440298443 1.7030157033628923
278.0 0.99952109184891 0.030944901828293042 32.300024650103886
278.5 0.8919980566743126 -0.45203923158200526 -1.9732757565147165
279.0 0.5660827877060441 -0.8243483956816764 -0.6867033291645273
279.5 0.1015707094799159 -0.9948283223630832 -0.10209873120484558
280.0 -0.3878094208292295 -0.9217395798793158 0.42073643065214333
280.5 -0.7822402795929897 -0.6229768414494085 1.2556490507304274
281.0 -0.9851514363288851 -0.17168764515577298 5.738045014450822
281.5 -0.9468631630939771 0.32163667448795147 -2.9438905392284385
282.0 -0.6767497645263835 0.7362131187458456 -0.9192307869754356
282.5 -0.24094442112956296 0.9705389152046093 -0.2482583823841489
283.0 0.253852519790234 0.9672429364932829 0.26244959793717443
283.5 0.6864975104492431 0.7271321531516752 0.9441165646075399
284.0 0.9510639681125854 0.3089940590981371 3.0779360965335765
284.5 0.9827767968664898 -0.18479655716717844 -5.318155337587859
285.0 0.7738715902084317 -0.6333425312327234 -1.2218847654241467
285.5 0.3754956285520944 -0.9268241650595153 -0.40514225104174134
286.0 -0.11481475884166603 -0.9933869191569467 0.11557909272562737
286.5 -0.5770144889662836 -0.8167339098647604 0.7064901824167299
287.0 -0.8979409481081247 -0.4401159548467677 2.040237210715878
287.5 -0.999020146367713 0.044257735498252376 -22.572780444384954
288.0 -0.8555043707508208 0.5177955886508133 -1.6522048265802214
288.5 -0.5025312884161199 0.8645590229491764 -0.5812573521029131
289.0 -0.026521020285755953 0.9996482558795381 -0.026530352181149457
289.5 0.45598251856347943 0.8899887318188394 0.5123463952533462
290.0 0.8268456339220814 0.5624289267667438 1.4701335485630154
290.5 0.9952681008469395 0.09716690504758436 10.242871277618022
291.0 0.9200142254959646 -0.3918849638415085 -2.347664009553705
291.5 0.6195087811257318 -0.7849897261162786 -0.7891934894367847
292.0 0.16732598101183924 -0.9859016259639831 -0.16971873927911746
292.5 -0.32582405495135236 -0.9454304232544339 0.3446303894365653
293.0 -0.739200998751274 -0.6734848798934681 1.097576234923345
293.5 -0.9715957575207781 -0.2366467493282453 4.105679711548068
294.0 -0.9661099892625297 0.2581307588164473 -3.742715489204892
294.5 -0.7240868013690044 0.6897088545779327 -1.0498441430219265
295.0 -0.30478191109030295 0.9524221683015063 -0.3200071577857465
295.5 0.18914422066406064 0.9819493183405064 0.1926211639758702
296.0 0.6367612505645516 0.7710610285700272 0.8258247103286473
296.5 0.9284769185018528 0.37139010731211436 2.500004443364361
297.0 0.992869055025318 -0.11921006489861569 -8.328735127102908
297.5 0.8141722193597312 -0.5806234556258039 -1.4022379073236118
298.0 0.43613762914604876 -0.8998799744648526 -0.48466200106899193
298.5 -0.04867866351416559 -0.998814491143613 0.04873644099659583
299.0 -0.5215767216183704 -0.8532043855172293 0.6113150969121899
299.5 -0.866774607646297 -0.4987000897730096 1.7380678797166886
300.0 -0.9997558399011495 -0.022096619278683942 45.244742070819356
300.5 -0.8879619748443272 0.45991687426160227 -1.9307010125904869
301.0 -0.5587640495890891 0.8293266768209027 -0.6737562714502636
301.5 -0.09276119741693704 0.9956883851154316 -0.09316287987650183
302.0 0.39595283104274065 0.9182708508872743 0.4311939452941943
302.5 0.7877237971254055 0.6160285865463817 1.2787130570378111
303.0 0.9866325048439105 0.1629610394708834 6.054407286842291
303.5 0.9439791653650637 -0.33000505353202975 -2.8604991204276895
304.0 0.6702068037805061 -0.7421744001016999 -0.9030314218446068
304.5 0.23234444235104618 -0.9726335692893708 -0.23888178414487848
305.0 -0.2624039418616639 -0.9649581189333869 0.27193298518666403
305.5 -0.6929066894492291 -0.7210272669715825 0.9609992869750074
306.0 -0.9537617134939987 -0.3005637933500832 3.173242202140761
306.5 -0.9811026064728011 0.19348817941227325 -5.070607462703575
307.0 -0.7682353642374472 0.6401674977183369 -1.20005368434912
307.5 -0.3672773116917639 0.9301114859609416 -0.3948745040088529
308.0 0.12360303600011291 0.9923317436681922 0.12455818005298264
308.5 0.584221049672578 0.811594581746004 0.7198434573278305
309.0 0.9018013749637745 0.43215076086181514 2.086774932815947
309.5 0.9985892722413617 -0.0530986380660329 -18.80630668906285
310.0 0.8508876886558596 -0.5253476385155728 -1.619665962637875
310.5 0.4948591231418125 -0.8689732149170747 -0.5694756922847576
311.0 0.01767178546737087 -0.9998438418065069 -0.017674545492465787
311.5 -0.46384222161454775 -0.885917825448659 0.5235725123598706
312.0 -0.8317914757822045 -0.5550882279566577 1.4984851666628254
312.5 -0.9960891669364942 -0.08835367288212255 11.273885221109381
313.0 -0.9165094902005468 0.4000129427560235 -2.29119958940815
313.5 -0.6125363258775766 0.7904424390683988 -0.7749284395705028
314.0 -0.15859290602857282 0.987344058653017 -0.1606257764339343
314.5 0.3341795883371884 0.9425094178515073 0.35456365953240637
315.0 0.7451332645574127 0.6669156003948422 1.1172827028131629
315.5 0.9736523301828737 0.22803758446681607 4.269701121678734
316.0 0.9637873480674221 -0.2666719852274808 -3.61413047285517
316.5 0.7179536098861996 -0.6960909524274645 -1.0314077598372653
317.0 0.2963397884973224 -0.955082577452527 -0.31027661428789094
317.5 -0.19782834832713678 -0.9802366778478334 0.2018169211556952
318.0 -0.6435612059762619 -0.7653946525566921 0.8408227099922073
318.5 -0.9317278354206746 -0.36315732224795383 2.565631417406797
319.0 -0.9917749956098326 0.12799358610147818 -7.748630426086473
319.5 -0.8090010475115055 0.5878072006408963 -1.3763033978308494
320.0 -0.42815542808445156 0.903705111970614 -0.47377780916920825
320.5 0.057517572580260974 0.9983444940722989 0.05761295116242272
321.0 0.5291082654818533 0.8485543255436181 0.6235408265026346
321.5 0.8711548016976116 0.49100846375515256 1.7742154484164325
322.0 0.9999122598719259 0.01324660552058789 75.48441435187762
322.5 0.8838563236703821 -0.46775848373693524 -1.8895570137162025
323.0 0.551401533867395 -0.8342399825282196 -0.6609627270516765
323.5 0.08394441777287699 -0.9964704384600542 -0.08424175422866004
324.0 -0.4040652194563607 -0.9147301779353751 0.44173159386560384
324.5 -0.7931455986954944 -0.6090320675218718 1.3023051510617059
325.0 -0.9880362734541701 -0.15422166624309427 6.4065983562696225
325.5 -0.9410212095015605 0.33834757760063844 -2.7812263831611514
326.0 -0.6636113342009432 0.7480775341634341 -0.8870889766032762
326.5 -0.22372626003354357 0.9746520202469203 -0.22954475585744366
327.0 0.2709348053161655 0.9625976995964054 0.2814621367054607
327.5 0.6992615811428033 0.7148658903162654 0.9781716971185205
328.0 0.9563847343054627 0.2921099792671752 3.2740570407925564
328.5 0.9793515494264594 -0.20216464239820275 -4.844326573671746
329.0 0.7625389491684939 -0.6469423088661069 -1.1786815280407192
329.5 0.3590302196784995 -0.933325935221779 -0.38467828454074404
330.0 -0.13238162920545193 -0.9911988217552068 0.13355708895116686
330.5 -0.5913818382891833 -0.8063916674555276 0.7333679924486546
331.0 -0.9055911481970673 -0.424151709070136 2.1350642443063275
331.5 -0.9980801614308696 0.0619353805036276 -16.114862834699327
332.0 -0.8462043418838514 0.5328585288581931 -1.5880469131217518
332.5 -0.4871481870355047 0.8733193252573889 -0.5578122147840139
333.0 -0.008821166113885877 0.9999610927573088 -0.008821509334490456
333.5 0.4716655839213357 0.8817775098879226 0.5349031684662565
334.0 0.8366721491002946 0.5477040395322043 1.527599010982097
334.5 0.9968321922181852 0.07953351845283306 12.53348539847827
335.0 0.9129329489429682 -0.40810958177221934 -2.236979942932359
335.5 0.6055158801168206 -0.7958332230601787 -0.7608577558353996
336.0 0.14984740573347818 -0.9887091356890289 -0.15155863370176095
336.5 -0.3425089396843968 -0.9395145694646093 0.36455947658116516
337.0 -0.7510071512506543 -0.660294069919136 1.137382850254323
337.5 -0.9756326199006828 -0.21941055349670321 4.446607532555823
338.0 -0.9613891968218607 0.2751923186322931 -3.493517557466607
338.5 -0.7117641687406298 0.7024185134924622 -1.013304967150852
339.0 -0.2878744485084861 0.9576681585475916 -0.30059937352942706
339.5 0.20649697669091896 0.9784472385455999 0.21104559199110592
340.0 0.6503107401625525 0.7596683100072248 0.8560456341220392
340.5 0.9349057540624358 0.3548960848205405 2.6343084470351013
341.0 0.9906032333897737 -0.13676707936387883 -7.242994717714203
341.5 0.803766492687733 -0.594944892601374 -1.350993180516761
342.0 0.4201396822393068 -0.907459446701534 -0.4629845264892503
342.5 -0.06635197530497698 -0.9977962794945308 0.06649851945588527
343.0 -0.5365983551885637 -0.8438377837054513 0.6359022617264883
343.5 -0.8754667432001029 -0.4832783685937176 1.8115165091034526
344.0 -0.9999903395061709 -0.004395553927897717 227.50041426165396
344.5 -0.8796814248187952 0.47556344563977404 -1.8497666986060346
345.0 -0.5439958173735323 0.8390879278598296 -0.6483180121075552
345.5 -0.07512106131782845 0.9971744211252528 -0.07533392325994356
346.0 0.412145950487085 0.911117838425468 0.4523519715071408
346.5 0.798505259520226 0.601987832533629 1.326447506687137
347.0 0.9893626321783087 0.14547021017792156 6.801135648104448
347.5 0.9379895272510593 -0.34666359308028627 -2.7057630105213377
348.0 0.6569638725243397 -0.7539220584369601 -0.8713949474914751
348.5 0.21509054938760125 -0.9765941099372553 -0.2202455935367258
349.0 -0.27944444178438205 -0.9601618634146094 0.2910388887875612
349.5 -0.7055616876419274 -0.7086485059123989 0.9956440770781035
350.0 -0.9589328250406132 -0.28363327918216646 3.380889674884478
350.5 -0.9775237629179003 0.21082526634829296 -4.636653755261888
351.0 -0.7567827912998033 0.6536664338884767 -1.1577507304420032
351.5 -0.3507549986489571 0.9364672609988937 -0.3745512665064449
352.0 0.14114985067939137 0.9899882421792622 0.1425773000785121
352.5 0.5984962937882848 0.8011255746271536 0.7470692644743328
353.0 0.9093099708898409 0.4161194261751267 2.1852139402575057
353.5 0.9974928538236488 -0.07076727047691461 -14.095398156539705
354.0 0.8414546973619527 -0.540327671221366 -1.5573044694526081
354.5 0.4793990842275326 -0.8775970134644963 -0.5462633496609169
355.0 -3.014435335948845e-05 -0.999999999545659 3.0144353373184265e-05
355.5 -0.4794519925452281 -0.8775681095188057 0.5463416313158013
356.0 -0.8414872714892108 -0.5402769400239504 1.5575109895527055
356.5 -0.9974971184780542 -0.07070713279421359 14.107446859444508
357.0 -0.9092848819352602 0.4161742465410129 -2.1848658091957462
357.5 -0.5984479938758073 0.801161655738729 -0.746975332118204
358.0 -0.14109016531210986 0.9899967501220404 -0.14251578633436643
358.5 0.35081145641153216 0.9364461127317576 0.3746200145870232
359.0 0.7568221986283603 0.6536208072447929 1.1578918391820971
359.5 0.9775364715240298 0.2107663323217201 4.638010543505064
