1000010000010000
0010000110110000
1111111111111111
0010000101000000
0000000011111111
0010000101010000
0000000011111110
0000000101100000
0000000101110000
0000110100100000
0000110100110000
0000110000100100
0000110000110100
0001111101100110
0100001000000010
0000000000010111
0000010000100000
0001111100100100
0100001100000000
0000000000011100
0000000001100000
0100000100000000
0000000000011100
0000100100100000
0001111100100010
0100001100000100
0000000000011100
0000000101100000
0001111101110111
0100001000000010
0000000000100110
0000010000110000
0001111100110101
0100001100000000
0000000000101011
0000000001110000
0100000100000000
0000000000101011
0000100100110000
0001111100110011
0100001100000100
0000000000101011
0000000101110000
0010010010100011
0010000111000000
0000000100000000
0000101010101100
0000001010100010
1000000110100000
1000000110110000
0100000100000000
0000000000001101
