1000001000010000
0010000100010000
0000000100000001
1000000100010000
0010000100010000
0000000100000101
1000000100010000
0010000100010000
0000001000000001
1000000100010000
0010000100010000
0000001000000101
1000000100010000
0010000100010000
0000001100000001
1000000100010000
0010000100010000
0000001100000010
1000000100010000
0010000100010000
0000001100000011
1000000100010000
0010000100010000
0000001100000100
1000000100010000
0010000100010000
0000001100000101
1000000100010000
0010000100010000
0000010000000001
1000000100010000
0010000100010000
0000010000000101
1000000100010000
0010000100010000
0000010100000001
1000000100010000
0010000100010000
0000010100000101
1000000100010000
0010000100010000
0000000100001000
1000000100010000
0010000100010000
0000000100001001
1000000100010000
0010000100010000
0000000100001010
1000000100010000
0010000100010000
0000001000001001
1000000100010000
0010000100010000
0000001100001001
1000000100010000
0010000100010000
0000010000001001
1000000100010000
0010000100010000
0000010100001000
1000000100010000
0010000100010000
0000010100001001
1000000100010000
0010000100010000
0000010100001010
1000000100010000
0010000100010000
1111111111111111
1000000100010000
